1 1 3 1 0 0
1 1 2 1 1 250000
3 1 2 1 2 94868
5 1 2 1 3 67082
5 1 3 1 4 250000
5 3 3 1 5 94868
5 3 0 1 6 250000
3 3 0 1 7 94868
1 3 0 1 8 67082
1 3 1 1 9 250000
1 3 2 1 10 250000
1 3 3 1 11 250000
1 5 3 1 12 94868
1 7 3 1 13 67082
1 9 3 1 14 54772
1 9 2 1 15 250000
3 9 2 1 16 94868
3 9 3 1 17 250000
3 9 0 1 18 250000
1 9 0 1 19 94868
1 9 1 1 20 250000
1 7 1 1 21 94868
1 7 2 1 22 250000
3 7 2 1 23 94868
3 7 1 1 24 250000
3 5 1 1 25 94868
3 5 2 1 26 250000
5 5 2 1 27 94868
5 5 3 2 28 250000
5 5 0 2 29 250000
3 5 0 2 30 94868
1 5 0 2 31 67082
1 5 1 2 32 250000
1 3 1 2 33 94868
1 3 2 2 34 250000
3 3 2 2 35 94868
5 3 2 2 36 67082
5 3 1 2 37 250000
5 1 1 2 38 94868
5 1 0 2 39 250000
3 1 0 2 40 94868
3 1 1 2 41 250000
3 1 2 2 42 250000
3 1 3 2 43 250000
3 3 3 2 44 94868
3 5 3 2 45 67082
3 7 3 2 46 54772
1 1 3 3 47 0
1 1 2 3 48 250000
3 1 2 3 49 94868
3 1 3 3 50 250000
3 3 3 3 51 94868
3 5 3 3 52 67082
3 5 2 3 53 250000
5 5 2 4 54 94868
5 5 2 4 54 0
0 0 0 5 67 499940
